%% File generated by CATS v.2.1Sun Jan  7 00:47:04 2018

%% The CATS webpage is http://robotics.stanford.edu/CATS

%% PARAMETER SETTINGS:
% Goods: 150; Bids: 250; Distribution: arbitrary; Runs: 1; Seed: 1515266068
% Arbitrary Distribution Parameters:
% Max Substitutable Bids = 5
% Removing HV Neighbor   = 0.1
% Adding DIAG Neighbor   = 0.2
% Additional Location    = 0.9
% Additivity             = 0.2
% Budget Factor          = 1.5
% Resale Factor          = 0.5
% Uniform Private Value:
%   Deviation            = 0.5
%   Max Good Value       = 100



goods 150
bids 255
dummy 48

0	799.044	1	35	39	59	67	73	82	90	94	108	114	118	144	148	150	#
1	1048.36	27	33	35	47	61	74	93	99	101	119	124	128	138	140	150	#
2	1013.34	1	6	51	64	67	68	74	98	102	104	111	131	139	148	150	#
3	1012.15	17	28	33	43	47	57	63	82	94	100	108	125	126	139	150	#
4	1004.08	0	30	34	35	72	73	82	104	116	117	126	129	132	148	150	#
5	937.715	17	59	61	62	78	84	89	93	102	105	111	128	130	141	150	#
6	3174.83	5	8	10	12	13	14	20	21	22	26	27	28	37	38	39	40	50	51	53	55	57	58	61	69	74	76	80	81	84	88	91	93	98	99	102	105	112	114	116	117	121	128	132	133	135	136	137	140	147	151	#
7	3290.53	3	6	7	8	12	22	25	27	28	29	34	36	38	39	40	41	44	50	51	54	55	58	60	63	65	70	74	84	90	91	93	97	98	99	103	105	109	110	112	114	117	125	127	129	131	132	142	144	147	151	#
8	3282.66	2	4	6	10	11	13	14	16	22	24	26	34	35	36	38	41	44	48	51	53	57	58	63	65	69	74	76	77	80	87	88	90	93	99	103	110	114	116	121	125	127	128	130	131	132	137	140	142	146	151	#
9	3241.93	3	5	6	8	11	20	23	24	26	32	34	35	36	38	39	43	48	51	53	54	57	59	61	65	67	69	74	83	88	91	93	97	99	103	108	110	111	112	114	121	122	125	128	129	131	132	142	143	147	151	#
10	3233.77	0	1	10	12	13	20	24	25	26	27	28	36	39	40	41	44	45	49	53	54	57	65	66	67	69	74	75	80	81	84	88	90	93	98	99	102	103	108	110	114	115	116	127	129	132	135	137	138	142	151	#
11	3210.8	8	9	15	16	19	22	23	27	28	29	31	34	36	41	51	53	54	57	58	59	61	65	69	70	74	76	77	81	85	88	91	93	97	101	105	106	108	111	112	116	117	121	127	128	133	135	143	147	149	151	#
12	1067.51	20	21	27	47	51	55	61	65	76	99	107	111	133	146	149	152	#
13	1173.94	32	39	57	66	82	102	107	117	124	126	127	131	138	143	145	152	#
14	1059.86	16	18	27	42	43	50	51	61	71	106	114	118	125	129	130	152	#
15	1026	5	12	21	34	41	47	51	64	79	104	106	109	112	143	149	152	#
16	1022.81	12	16	22	37	41	43	55	69	76	95	110	116	118	140	145	152	#
17	1021.79	19	48	50	52	55	57	64	65	71	93	97	107	112	115	129	152	#
18	996.355	1	5	9	25	34	36	43	54	77	95	98	99	103	124	144	148	153	#
19	1228.19	10	25	37	40	47	49	54	62	99	108	110	111	120	126	127	140	153	#
20	1181.61	22	23	24	25	30	34	36	42	44	68	97	105	111	117	131	138	153	#
21	1173.31	18	25	28	30	38	49	56	72	74	99	108	111	123	140	143	146	153	#
22	1162.54	5	10	18	24	35	44	49	51	61	69	95	99	116	137	139	145	153	#
23	1149.16	4	10	11	25	35	36	37	45	49	99	116	118	140	143	144	149	153	#
24	120.815	50	140	154	#
25	169.926	41	140	154	#
26	129.565	50	75	154	#
27	1324.29	3	7	9	11	12	17	20	21	24	34	42	62	66	70	72	75	78	80	94	105	109	118	127	129	131	133	143	149	155	#
28	1979.83	3	9	11	13	18	25	26	34	38	41	51	57	58	62	75	84	88	91	102	115	121	129	131	135	138	143	145	149	155	#
29	1918.93	1	4	6	7	9	11	13	26	29	30	37	46	48	50	53	57	65	66	69	111	114	121	123	128	129	131	134	135	155	#
30	1905.6	1	4	6	7	11	12	21	25	29	35	38	44	48	53	58	60	61	62	67	82	91	97	110	112	122	135	138	140	155	#
31	1884.31	12	25	27	34	48	53	55	58	59	65	66	68	71	73	79	84	85	87	88	92	102	120	128	133	135	136	140	142	155	#
32	1862.23	3	7	9	11	12	24	26	31	34	36	38	50	57	63	71	72	77	87	88	91	92	105	107	114	125	131	137	141	155	#
33	154.571	1	139	156	#
34	183.917	61	139	156	#
35	160.626	1	27	156	#
36	1346.55	26	32	37	39	40	41	72	74	77	81	85	89	101	106	115	118	128	131	137	143	147	157	#
37	1667.77	0	1	4	7	18	27	28	30	32	35	38	49	53	78	97	102	103	109	128	137	146	157	#
38	1585.23	0	6	11	24	38	49	51	54	88	90	102	107	112	113	115	120	134	136	137	144	147	157	#
39	1574.39	6	26	38	39	46	50	53	56	67	73	76	79	85	105	111	128	137	138	144	146	147	157	#
40	1515.46	0	6	7	8	12	17	37	67	76	79	85	106	107	111	113	118	126	131	134	137	147	157	#
41	1500.29	0	3	9	26	27	42	48	67	79	82	89	98	101	103	104	113	122	128	143	144	147	157	#
42	618.039	2	9	18	47	70	92	105	143	158	#
43	600.48	18	19	44	57	75	107	123	139	158	#
44	507.074	1	9	28	29	67	76	83	132	158	#
45	505.857	19	33	44	47	58	69	73	118	158	#
46	463.642	26	33	35	39	125	128	143	146	158	#
47	425.111	32	34	37	67	83	92	138	146	158	#
48	97.3154	67	#
49	96.3445	129	#
50	161.055	47	60	114	130	159	#
51	238.05	27	121	130	149	159	#
52	199.851	25	47	101	138	159	#
53	287.989	19	37	90	128	137	139	140	160	#
54	430.15	46	83	108	122	128	136	148	160	#
55	408.706	16	19	31	47	89	127	145	160	#
56	365.033	14	17	54	55	94	102	140	160	#
57	305.19	2	6	20	21	22	90	106	160	#
58	3019.49	1	9	12	18	21	23	25	29	34	37	39	44	48	49	51	57	58	62	63	64	66	68	74	76	77	91	92	100	103	104	106	112	117	122	123	128	133	135	136	138	140	142	145	161	#
59	3295.03	0	4	9	10	12	21	23	29	33	34	39	46	47	53	57	60	62	63	65	67	68	77	86	94	98	99	100	104	105	108	111	116	117	127	128	129	133	136	137	140	143	146	148	161	#
60	3027.28	1	9	10	12	13	18	20	23	24	30	33	34	39	44	49	54	56	57	62	68	70	71	77	79	85	89	90	92	94	96	98	101	104	106	111	117	118	121	124	127	138	144	147	161	#
61	2908.66	0	1	10	13	24	27	28	29	31	33	34	41	42	45	49	51	53	54	55	56	67	69	75	78	79	91	92	100	101	103	105	107	112	119	127	131	133	134	135	138	140	144	146	161	#
62	2884.17	1	5	10	14	29	38	40	41	43	44	45	49	51	53	57	60	62	63	68	70	72	73	77	79	86	89	101	104	105	106	108	115	118	121	122	127	129	130	136	140	142	146	147	161	#
63	2867.64	0	1	4	10	14	16	21	23	24	28	32	34	36	38	41	49	53	54	56	57	59	60	62	63	64	68	69	79	81	86	92	94	98	100	103	116	119	123	127	128	130	138	148	161	#
64	208.239	39	142	162	#
65	199.3	39	85	162	#
66	95.2984	69	142	162	#
67	322.664	27	74	120	128	163	#
68	326.802	15	18	32	128	163	#
69	298.643	32	55	71	120	163	#
70	278.518	27	74	109	119	163	#
71	226.971	56	74	84	121	163	#
72	578.408	10	11	39	45	66	71	72	92	104	142	143	145	164	#
73	849.995	10	17	39	43	49	56	61	88	90	104	122	131	164	#
74	827.414	0	11	14	20	30	47	48	63	65	97	138	145	164	#
75	757.058	0	5	38	39	44	48	78	97	119	120	146	147	164	#
76	732.087	0	33	38	57	72	80	86	97	107	112	133	136	164	#
77	725.288	1	5	11	19	30	62	91	92	97	110	113	148	164	#
78	75.097	8	56	87	165	#
79	99.7288	71	73	87	165	#
80	119.235	149	#
81	400.898	33	92	102	107	142	144	149	166	#
82	553.189	0	7	9	49	87	144	146	166	#
83	534.349	7	36	49	51	70	97	142	166	#
84	449.475	7	83	92	101	118	138	146	166	#
85	436.561	16	45	70	74	107	141	145	166	#
86	378.815	4	31	33	87	115	129	149	166	#
87	580.946	22	33	42	47	49	51	53	78	148	167	#
88	684.258	38	51	70	83	88	109	110	120	130	167	#
89	636.508	7	9	17	49	98	99	139	143	145	167	#
90	633.833	20	47	50	74	95	98	111	117	140	167	#
91	614.154	17	22	31	49	73	78	92	102	149	167	#
92	577.176	12	14	26	112	114	116	131	148	149	167	#
93	291.196	34	47	110	143	168	#
94	356.322	34	77	128	145	168	#
95	290.598	10	32	116	143	168	#
96	243.145	3	47	58	145	168	#
97	168.002	10	27	97	110	168	#
98	287.227	22	34	45	91	169	#
99	323.7	22	111	133	145	169	#
100	319.651	44	54	91	133	169	#
101	242.829	26	45	74	119	169	#
102	302.37	9	49	75	170	#
103	337.886	57	75	130	170	#
104	234.546	49	120	122	170	#
105	204.135	9	78	117	170	#
106	2364.92	3	4	11	15	16	17	19	21	24	25	27	44	47	49	50	53	55	56	60	65	66	68	76	77	84	89	90	92	93	95	101	102	104	106	117	123	124	128	133	148	149	171	#
107	3014.16	1	4	6	7	9	15	21	23	25	41	47	50	56	57	59	69	70	71	77	78	85	86	89	93	95	99	101	102	105	107	109	115	116	117	127	128	133	134	135	136	142	171	#
108	2912.21	4	7	11	13	15	18	20	21	23	25	26	30	41	47	48	51	62	65	67	70	75	78	83	84	85	94	101	102	104	105	106	107	109	111	120	126	127	128	134	135	149	171	#
109	2858.85	3	7	8	10	11	12	14	15	17	21	24	25	41	45	47	52	63	65	66	70	74	77	91	93	100	101	104	109	115	121	122	123	127	129	134	135	136	141	142	146	148	171	#
110	2856.65	4	8	11	13	21	24	29	30	31	32	41	50	53	54	56	57	66	74	77	83	87	93	94	95	101	104	109	110	111	120	123	128	132	133	134	136	142	146	147	148	149	171	#
111	2847.62	3	4	7	8	10	15	21	23	27	31	36	41	47	52	53	56	62	64	65	66	70	77	83	85	86	90	95	97	102	104	106	108	109	111	116	117	124	128	135	142	149	171	#
112	540.578	24	31	32	45	50	68	91	138	172	#
113	752.508	13	14	25	53	78	91	111	127	172	#
114	659.787	4	7	14	24	56	83	88	130	172	#
115	634.332	0	13	32	43	45	66	120	124	172	#
116	599.062	30	60	66	68	102	105	119	120	172	#
117	563.222	23	31	48	56	91	99	102	118	172	#
118	207.235	53	65	173	#
119	232.786	9	53	173	#
120	191.065	65	103	173	#
121	159.804	12	149	174	#
122	218.04	70	149	174	#
123	145.605	12	120	174	#
124	91.2216	62	109	175	#
125	71.5525	62	106	175	#
126	274.999	16	65	100	122	124	176	#
127	394.44	31	51	66	71	100	176	#
128	333.98	16	19	38	91	122	176	#
129	276.636	19	24	55	86	124	176	#
130	109.903	79	#
131	2024.42	6	10	12	22	23	25	27	32	38	44	47	51	53	54	57	59	62	65	66	71	78	99	112	113	117	123	125	139	145	177	#
132	2139.42	4	6	10	11	18	25	32	35	38	54	55	58	62	68	70	71	76	91	93	98	101	110	115	120	123	131	132	135	142	177	#
133	2098.53	7	11	22	25	30	47	55	58	60	65	66	68	76	83	87	88	93	101	107	110	112	115	125	126	128	134	138	139	149	177	#
134	2097.7	4	6	9	23	25	32	51	65	66	71	78	80	81	83	86	88	96	101	104	123	126	129	132	134	135	136	137	138	147	177	#
135	2065.07	4	11	12	18	23	25	26	28	30	32	35	36	40	42	51	54	57	60	61	62	64	74	95	98	101	111	115	138	140	177	#
136	1988.11	1	2	3	4	6	11	17	19	22	30	32	42	47	55	57	58	74	79	88	98	104	106	113	115	126	137	138	141	149	177	#
137	1535.63	3	4	6	7	20	22	34	37	43	52	57	62	69	70	77	79	80	89	90	97	101	102	108	116	139	178	#
138	1739.77	9	18	19	22	23	27	28	29	37	41	43	45	51	54	69	74	75	79	92	95	106	111	113	118	119	178	#
139	1732.32	0	1	4	7	9	18	19	20	22	24	28	30	32	44	45	54	70	76	84	91	100	110	119	141	146	178	#
140	1625.77	4	5	9	21	23	29	30	34	40	53	62	65	70	88	89	91	100	110	112	118	135	136	141	146	148	178	#
141	1622.33	4	19	22	30	33	43	46	47	50	58	66	71	76	90	91	95	101	112	116	117	122	132	142	143	149	178	#
142	1606.69	8	14	15	18	27	31	33	47	52	53	58	66	71	77	80	85	86	88	90	91	97	113	137	142	143	178	#
143	895.099	0	9	21	38	42	46	66	68	72	87	107	109	113	118	122	130	131	179	#
144	1313.46	0	4	7	22	30	44	51	55	61	68	72	109	116	125	127	130	137	179	#
145	1249.55	8	9	11	27	44	50	78	82	93	95	96	125	130	139	141	143	147	179	#
146	1176.35	4	18	19	50	56	72	77	79	89	91	93	98	113	125	132	134	147	179	#
147	1157.5	0	11	17	42	56	72	79	96	101	108	113	122	134	137	146	147	148	179	#
148	1130.44	0	5	6	7	18	27	41	50	59	75	79	89	94	98	130	138	145	179	#
149	99.5003	77	124	180	#
150	108.196	1	77	180	#
151	46.7618	89	#
152	2021.97	1	4	5	6	10	11	17	21	27	29	30	34	36	40	42	51	52	53	83	86	89	98	104	106	111	117	118	120	127	132	140	143	148	181	#
153	2523.79	0	1	4	10	12	17	27	32	36	41	53	70	75	76	79	90	92	98	104	107	108	112	113	115	116	117	119	120	122	123	125	142	146	181	#
154	2359.05	0	1	10	12	40	50	53	55	64	70	76	82	85	90	92	93	97	104	110	112	113	116	118	119	120	122	123	125	127	145	146	148	149	181	#
155	2308.36	2	9	10	11	22	29	36	45	48	51	53	54	63	65	66	67	68	76	78	79	82	89	92	95	102	104	106	120	123	135	140	142	145	181	#
156	2290.67	0	1	2	3	4	5	8	13	19	28	29	31	32	36	45	53	59	67	77	90	93	99	101	104	106	108	110	116	118	125	127	132	140	181	#
157	2225.57	1	5	10	11	22	30	31	34	39	41	52	56	57	65	78	81	86	90	92	93	94	96	104	106	110	113	118	120	132	137	138	144	145	181	#
158	95.9712	100	#
159	651.975	6	10	30	39	82	105	120	149	182	#
160	691.706	15	47	74	84	98	99	105	121	182	#
161	649.271	17	30	36	41	44	47	74	79	182	#
162	600.979	3	6	9	10	13	57	64	102	182	#
163	577.253	17	39	54	77	104	105	133	146	182	#
164	547.413	19	40	78	82	105	120	127	141	182	#
165	2942.07	0	2	3	7	9	18	23	25	26	29	30	36	46	48	52	53	56	59	68	69	75	85	90	91	101	107	113	115	117	120	123	127	129	130	131	133	135	137	139	140	146	147	148	183	#
166	3032.46	0	3	4	9	11	12	17	20	25	26	27	29	32	34	37	39	40	42	47	48	49	53	56	75	78	79	82	86	88	90	92	101	102	103	117	118	121	123	126	133	145	147	148	183	#
167	2957.96	0	4	5	10	12	13	14	18	24	26	28	45	47	48	49	53	54	59	67	70	75	82	86	87	88	93	97	98	103	106	108	110	112	116	121	126	129	132	133	145	146	147	148	183	#
168	2932.55	0	9	17	18	20	23	27	29	32	33	34	36	43	49	50	51	52	53	67	70	78	85	86	90	92	94	101	102	103	107	108	109	113	120	121	123	126	127	129	132	137	145	148	183	#
169	2922.72	0	6	7	9	11	12	14	17	20	26	27	30	32	36	37	40	46	48	49	52	56	59	61	67	68	80	90	92	93	94	98	101	104	105	110	117	120	123	134	141	145	146	147	183	#
170	2889.49	5	6	7	9	12	18	19	26	27	30	31	32	34	40	42	44	50	56	61	74	75	86	88	94	101	103	104	107	108	110	116	118	120	123	126	129	130	131	139	140	141	142	143	183	#
171	513.613	41	42	51	53	59	60	67	80	86	106	138	184	#
172	756.648	40	42	49	52	63	65	90	112	116	120	129	184	#
173	680.048	22	32	41	43	72	73	83	87	100	107	149	184	#
174	656.098	19	52	60	80	85	90	101	104	106	108	136	184	#
175	629.701	4	8	20	25	51	52	73	94	122	141	145	184	#
176	609.33	1	44	67	70	80	89	96	111	122	130	135	184	#
177	1079.78	2	7	20	25	30	33	36	38	70	85	101	102	107	115	120	121	124	127	185	#
178	1353.26	13	16	18	25	28	53	62	79	80	82	86	90	92	107	125	136	137	140	185	#
179	1341.17	2	13	25	27	30	34	40	67	75	90	98	99	109	113	115	116	129	149	185	#
180	1311.95	13	20	25	28	33	38	39	63	70	80	92	95	99	100	107	116	117	125	185	#
181	1293.24	16	30	31	38	43	53	57	62	67	72	91	97	101	109	114	119	125	127	185	#
182	1265.59	13	24	33	36	39	41	56	66	78	79	85	94	100	116	122	125	134	149	185	#
183	552.047	5	17	19	27	48	58	62	90	94	102	132	136	186	#
184	806.351	5	7	9	64	66	81	85	88	109	120	138	140	186	#
185	788.708	16	17	27	41	53	62	93	115	119	132	134	149	186	#
186	760.888	4	6	9	12	17	48	56	67	104	114	134	135	186	#
187	759.342	19	39	64	75	85	95	107	117	125	134	142	144	186	#
188	741.927	7	9	13	23	25	35	53	62	110	114	123	129	186	#
189	1526.02	5	10	12	14	18	20	22	29	41	52	54	69	86	91	96	101	108	110	113	118	122	123	125	126	127	137	144	147	187	#
190	2070.25	19	30	37	40	57	60	71	87	91	92	93	96	98	104	105	106	109	112	118	126	127	129	130	133	143	145	146	147	187	#
191	2013.5	2	4	6	27	34	37	40	46	55	58	59	60	62	65	71	75	79	85	86	91	92	96	101	112	113	127	129	140	187	#
192	1968.34	3	9	29	38	48	57	65	67	72	75	77	86	88	93	95	96	104	109	113	115	117	124	130	137	141	143	144	145	187	#
193	1966.41	4	9	13	14	29	31	60	67	77	85	86	88	93	96	100	101	115	116	117	120	121	124	125	127	130	135	139	144	187	#
194	1875.77	0	2	22	29	37	40	41	44	47	51	56	65	70	73	77	86	93	94	104	108	116	125	127	129	140	143	144	147	187	#
195	551.335	0	14	20	42	53	64	66	83	92	132	140	188	#
196	804.086	0	20	29	43	45	87	94	112	124	131	144	188	#
197	712.56	8	29	48	64	70	72	94	103	110	134	144	188	#
198	709.75	12	14	15	42	45	74	79	114	116	123	140	188	#
199	645.167	3	7	40	43	48	54	83	86	95	108	146	188	#
200	645.055	17	22	29	59	66	67	82	94	98	114	115	188	#
201	2220.93	6	7	13	18	20	24	25	31	33	36	37	48	49	51	62	71	74	80	104	106	111	114	115	116	121	123	129	135	136	140	144	145	149	189	#
202	2360.08	3	7	10	22	24	25	29	32	35	37	43	49	53	56	65	69	71	76	82	90	96	102	103	104	121	126	130	131	133	134	136	140	141	189	#
203	2276.08	24	37	40	44	50	55	58	64	65	67	75	82	85	94	100	101	103	105	106	107	112	113	114	117	119	123	125	126	133	135	137	144	149	189	#
204	2272.81	0	6	7	13	17	18	24	43	50	54	59	65	66	67	71	72	76	78	82	104	105	111	122	123	124	126	131	134	135	138	140	144	149	189	#
205	2172.7	0	3	8	9	16	18	20	22	25	29	32	49	56	65	69	71	75	76	81	85	94	100	102	105	107	108	110	120	123	124	134	139	140	189	#
206	2166.59	2	13	14	16	22	23	26	33	36	43	44	49	50	51	52	57	62	65	71	75	81	84	86	98	103	111	117	125	129	131	135	140	147	189	#
207	2121.06	1	2	8	9	14	19	21	23	31	32	34	36	42	45	46	48	60	73	74	75	76	77	87	88	89	91	92	95	99	105	110	123	126	127	132	136	138	145	190	#
208	2927.15	1	2	3	6	7	22	23	30	32	34	38	40	47	48	60	71	74	75	85	91	93	100	105	108	109	110	117	118	119	129	130	132	134	135	142	143	145	149	190	#
209	2844.26	1	6	9	13	23	30	31	34	38	39	43	45	48	51	63	67	68	70	74	75	77	87	88	91	93	94	97	100	105	106	108	115	121	124	125	136	143	149	190	#
210	2740.07	10	16	23	24	25	28	30	32	38	39	40	41	42	45	46	47	52	53	55	67	68	70	74	75	87	88	92	95	101	105	108	115	119	120	121	133	136	145	190	#
211	2730.4	8	19	20	30	31	32	34	38	39	40	41	46	47	52	57	63	71	72	74	84	91	95	96	97	98	100	105	106	125	126	129	132	136	138	143	147	148	149	190	#
212	2713.26	5	6	10	21	22	24	30	32	40	41	48	52	55	59	60	67	69	74	75	76	81	82	87	88	91	93	98	100	108	109	118	120	130	138	142	143	144	149	190	#
213	927.958	2	20	26	30	39	48	52	64	67	100	103	106	116	131	143	191	#
214	1324.98	16	30	36	39	42	43	69	77	108	112	116	125	127	136	143	191	#
215	1157.52	0	8	10	34	43	68	69	79	97	124	125	126	131	136	146	191	#
216	1151.25	7	28	53	59	60	65	91	101	122	128	131	138	140	143	147	191	#
217	1135.76	2	77	86	108	111	114	116	117	125	126	132	136	140	148	149	191	#
218	1123.52	16	30	39	65	72	76	77	87	90	98	103	116	131	132	144	191	#
219	593.009	0	13	29	37	48	54	85	120	128	192	#
220	819.828	34	35	36	82	106	125	128	130	145	192	#
221	667.449	49	54	79	87	88	121	128	136	141	192	#
222	644.266	25	30	37	53	63	64	103	123	128	192	#
223	628.005	48	52	61	75	82	118	123	134	146	192	#
224	606.327	10	18	27	29	34	52	64	129	139	192	#
225	700.211	22	36	69	78	90	94	98	100	107	120	128	129	193	#
226	820.608	19	59	80	99	102	103	107	120	126	128	146	149	193	#
227	761.132	29	31	34	47	65	84	86	94	98	129	137	147	193	#
228	715.641	12	22	28	46	56	58	77	100	113	135	143	146	193	#
229	682.237	2	14	56	60	69	80	86	94	102	107	120	135	193	#
230	676.938	31	35	39	44	63	74	82	107	114	119	133	148	193	#
231	281.658	11	21	37	52	108	194	#
232	317.285	10	52	75	103	118	194	#
233	317.04	21	32	84	95	114	194	#
234	307.726	5	11	13	47	91	194	#
235	269.986	33	85	89	108	118	194	#
236	242.345	33	37	81	102	127	194	#
237	811.666	28	34	44	63	64	73	77	93	97	103	110	145	195	#
238	1101.6	34	39	43	47	53	63	82	99	104	113	120	128	195	#
239	1043.04	4	26	30	34	57	62	75	77	85	99	112	145	195	#
240	916.236	8	30	44	46	64	67	73	88	125	127	140	141	195	#
241	875.237	15	25	42	43	53	62	68	74	78	97	99	104	195	#
242	815.547	30	44	55	81	88	89	99	101	102	103	106	120	195	#
243	1311.47	15	26	39	40	42	55	56	68	71	79	93	97	98	103	108	112	116	122	130	131	132	196	#
244	1604.34	1	3	4	10	15	20	24	39	43	49	51	53	65	73	79	86	103	123	126	140	142	196	#
245	1518.11	1	17	23	53	62	65	72	83	86	95	99	103	109	113	117	118	126	128	134	140	148	196	#
246	1463.56	6	16	17	33	50	56	65	68	77	79	81	93	95	98	100	113	124	131	139	146	148	196	#
247	1452.74	1	3	5	12	16	30	33	45	56	69	70	73	78	93	96	106	115	116	126	135	145	196	#
248	1426.97	4	8	12	23	40	42	44	45	48	57	60	68	73	75	99	103	104	114	117	133	145	196	#
249	404.389	6	40	111	120	144	197	#
250	387.119	42	56	104	120	130	197	#
251	384.957	6	45	70	100	106	197	#
252	331.659	32	42	102	103	111	197	#
253	307.208	46	49	63	144	147	197	#
254	298.18	18	31	40	92	97	197	#
